=== Training Data Summary (Regression) ===
{'summary': 'count', 'award_amount': '250200', 'month': '250200', 'year': '250200'}
{'summary': 'mean', 'award_amount': '1504443.1655378402', 'month': '6.532745803357314', 'year': '2022.2596083133494'}
{'summary': 'stddev', 'award_amount': '1.1544645633244345E7', 'month': '3.116051006406706', 'year': '1.5937903353400305'}
{'summary': 'min', 'award_amount': '0.02', 'month': '1', 'year': '2007'}
{'summary': 'max', 'award_amount': '6.6054547E8', 'month': '12', 'year': '2027'}

=== MODEL #1: REGRESSION (Predict award_amount) ===
Linear Regression RMSE: 11028234.3867

=== MODEL #2: CLASSIFICATION (High vs Low) ===
Median award_amount threshold: 100357.1171875
Logistic Regression AUC: 0.7319

=== MODEL #3: CLUSTERING (K-Means) ===
Number of clusters (k=5)
Cluster Centers:
  Cluster 0: [9.93703904e-01 4.13077225e-03 9.82724044e-04 6.22947106e-04
 5.29671604e-04 2.66501436e-05 0.00000000e+00 6.00197877e-01
 3.01099985e-01 7.87844870e-01 2.06372049e-01 4.24070410e-03
 1.15261871e-03 3.76433278e-04 0.00000000e+00 7.20856402e-01
 2.06372049e-01 3.07209530e-02 1.67895905e-02 6.74248633e-03
 3.31794288e-03 4.24070410e-03 2.94817213e-03 2.04872979e-03
 1.15261871e-03 9.66067705e-04 6.79578661e-04 6.56259786e-04
 6.59591054e-04 5.49659211e-04 3.76433278e-04 2.33188756e-04
 2.73163972e-04 2.16532417e-04 6.66253589e-05 4.99690192e-05
 4.66377513e-05 0.00000000e+00 1.66563397e-05 1.33250718e-05
 3.33126795e-06 6.50346785e+00 2.02231595e+03 5.04157664e+05]
  Cluster 1: [1.00000000e+00 0.00000000e+00 0.00000000e+00 0.00000000e+00
 0.00000000e+00 0.00000000e+00 0.00000000e+00 1.00000000e+00
 0.00000000e+00 1.00000000e+00 0.00000000e+00 0.00000000e+00
 0.00000000e+00 0.00000000e+00 0.00000000e+00 1.00000000e+00
 0.00000000e+00 0.00000000e+00 0.00000000e+00 0.00000000e+00
 0.00000000e+00 0.00000000e+00 0.00000000e+00 0.00000000e+00
 0.00000000e+00 0.00000000e+00 0.00000000e+00 0.00000000e+00
 0.00000000e+00 0.00000000e+00 0.00000000e+00 0.00000000e+00
 0.00000000e+00 0.00000000e+00 0.00000000e+00 0.00000000e+00
 0.00000000e+00 0.00000000e+00 0.00000000e+00 0.00000000e+00
 0.00000000e+00 9.06756757e+00 2.01877027e+03 6.20368081e+08]
  Cluster 2: [9.87209853e-01 8.52676457e-03 4.26338228e-03 0.00000000e+00
 0.00000000e+00 0.00000000e+00 0.00000000e+00 9.99526291e-01
 0.00000000e+00 9.27996210e-01 5.92136428e-02 1.27901468e-02
 0.00000000e+00 0.00000000e+00 0.00000000e+00 7.38038844e-01
 5.92136428e-02 1.23164377e-02 3.45807674e-02 2.84225486e-02
 1.05637139e-01 1.27901468e-02 0.00000000e+00 0.00000000e+00
 0.00000000e+00 4.73709143e-04 0.00000000e+00 0.00000000e+00
 0.00000000e+00 0.00000000e+00 0.00000000e+00 8.52676457e-03
 0.00000000e+00 0.00000000e+00 0.00000000e+00 0.00000000e+00
 0.00000000e+00 0.00000000e+00 0.00000000e+00 0.00000000e+00
 0.00000000e+00 7.10421601e+00 2.02064330e+03 4.35931553e+07]
  Cluster 3: [9.78222134e-01 1.89071471e-02 2.07879628e-03 0.00000000e+00
 7.91922392e-04 0.00000000e+00 0.00000000e+00 9.85151455e-01
 5.44446644e-03 8.94080380e-01 9.71094833e-02 7.72124332e-03
 0.00000000e+00 0.00000000e+00 1.08889329e-03 8.12512374e-01
 9.71094833e-02 1.16808553e-02 2.61334389e-02 1.83132053e-02
 1.72243120e-02 7.72124332e-03 1.97980598e-03 9.89902990e-05
 0.00000000e+00 0.00000000e+00 2.07879628e-03 1.18788359e-03
 0.00000000e+00 3.95961196e-04 0.00000000e+00 2.47475747e-03
 0.00000000e+00 0.00000000e+00 0.00000000e+00 0.00000000e+00
 0.00000000e+00 1.08889329e-03 0.00000000e+00 0.00000000e+00
 0.00000000e+00 7.18867551e+00 2.02100663e+03 1.32327785e+07]
  Cluster 4: [8.93750000e-01 9.06250000e-02 0.00000000e+00 0.00000000e+00
 0.00000000e+00 0.00000000e+00 1.56250000e-02 1.00000000e+00
 0.00000000e+00 9.21875000e-01 7.81250000e-02 0.00000000e+00
 0.00000000e+00 0.00000000e+00 0.00000000e+00 8.68750000e-01
 7.81250000e-02 1.87500000e-02 1.87500000e-02 0.00000000e+00
 3.12500000e-03 0.00000000e+00 0.00000000e+00 0.00000000e+00
 0.00000000e+00 1.25000000e-02 0.00000000e+00 0.00000000e+00
 0.00000000e+00 0.00000000e+00 0.00000000e+00 0.00000000e+00
 0.00000000e+00 0.00000000e+00 0.00000000e+00 0.00000000e+00
 0.00000000e+00 0.00000000e+00 0.00000000e+00 0.00000000e+00
 0.00000000e+00 6.24687500e+00 2.02077500e+03 1.52835852e+08]
